beijing 2008: 
0.0522901513662
266
5087


beijing 2009:
0.226141552511
1981
8760


beijing 2010:
0.0763698630137
669
8760

beijing 2011:
0.0829908675799
727
8760

beijing 2012:
0.0556693989071
489
8784

beijing 2013:
0.00936073059361
82
8760

beijing 2014:
0.011301369863
99
8760







chengdu

0.497723132969
4372
8784
0.15901826484
1393
8760
0.0325342465753
285
8760



guangzhou

0.897602739726
7863
8760
0.256033697632
2249
8784
0.0438356164384
384
8760
0.0763698630137
669
8760



shanghai
0.991210045662
8683
8760
0.0322176684882
283
8784
0.02100456621
184
8760
0.0155251141553
136
8760



shenyang

0.385159817352
3374
8760
0.0407534246575
357
8760

